GCN
cora [81.9, 81.5, 81.5, 83.2, 82.9, 81.8, 81.0, 81.7, 81.8, 82.0] mean 81.9 std_dev 0.6
citeseer [71.7, 71.7, 71.7, 71.9, 72.0, 71.7, 71.6, 71.9, 71.9, 72.0] mean 71.8 std_dev 0.1
pubmed [80.0, 79.6, 79.3, 79.5, 79.3, 79.7, 79.0, 79.5, 79.3, 79.4] mean 79.5 std_dev 0.3

GAT
cora [81.4, 80.6, 80.5, 81.6, 80.0, 80.6, 80.6, 81.4, 79.8, 81.0] mean 80.8 std_dev 0.6
citeseer [69.4, 70.3, 68.3, 69.2, 68.5, 69.8, 70.1, 68.5, 70.5, 68.5] mean 69.3 std_dev 0.8
pubmed [79.3, 78.1, 77.1, 77.7, 78.6, 80.2, 78.5, 79.2, 78.3, 77.3] mean 78.4 std_dev 0.9

APPNP
cora [83.5, 83.3, 83.3, 83.3, 83.6, 83.6, 83.2, 83.3, 82.9, 82.8] mean 83.3 std_dev 0.3
citeseer [71.8, 72.0, 71.4, 71.6, 71.2, 72.0, 71.8, 72.5, 71.8, 71.5] mean 71.8 std_dev 0.3
pubmed [80.0, 79.9, 80.2, 80.4, 80.0, 80.3, 80.4, 80.1, 80.2, 79.9] mean 80.1 std_dev 0.2

GCNII
cora [84.9, 85.9, 85.2, 84.9, 85.1, 84.8, 84.7, 85.4, 85.7, 85.1] mean 85.2 std_dev 0.4
citeseer [72.9, 73.3, 73.4, 71.7, 72.2, 72.8, 71.9, 72.7, 73.3, 73.4] mean 72.8 std_dev 0.6
pubmed [79.9, 79.3, 79.3, 80.1, 79.8, 80.1, 80.6, 80.0, 79.5, 79.8] mean 79.8 std_dev 0.4

GCNIII
cora [85.6, 85.8, 84.9, 85.3, 86.1, 84.9, 85.7, 85.6, 85.9, 85.7] mean 85.6 std_dev 0.4
citeseer [73.2, 72.3, 72.9, 73.1, 73.0, 72.7, 72.3, 74.0, 73.1, 73.5] mean 73.0 std_dev 0.5
pubmed [80.0, 80.2, 80.0, 81.4, 80.4, 80.6, 80.3, 80.6, 79.8, 80.5] mean 80.4 std_dev 0.4
